              precision    recall  f1-score   support

           0       0.95      0.97      0.96        40
           1       0.91      0.85      0.88        48
           2       0.77      0.88      0.82        50
           3       0.83      0.86      0.85        35
           4       0.94      0.91      0.92        32
           5       0.85      0.87      0.86        38
           6       0.72      0.76      0.74        41
           7       1.00      0.92      0.96        38
           8       0.95      0.87      0.91        45
           9       0.93      0.91      0.92        46

    accuracy                           0.88       413
   macro avg       0.89      0.88      0.88       413
weighted avg       0.88      0.88      0.88       413
